105
196
275
354
433
525
630
722
827
932
1050
1155
91
196
301
393
498
630
709
814
932
1050
1155
105
223
328
433
538
643
748
866
1024
1207
91
236
341
472
551
656
800
932
1129
105
301
433
551
643
814
971
1181
91
288
433
630
787
958
1116]


data_y:[118, 118, 118, 118, 118, 118, 118, 118, 118, 128, 118, 118, 216, 236, 236, 236, 236, 256, 256, 256, 256, 275, 265, 374, 384, 384, 394, 394, 394, 394, 403, 423, 423, 522, 541, 531, 531, 531, 531, 522, 512, 551, 659, 659, 679, 679, 699, 689, 679, 679, 856, 866, 866, 856, 866, 856, 856],data_radius_string:[150, 150, 150, 150, 150, 150, 150, 150, 150, 150, 150, 150, 150, 150, 150, 150, 150, 150, 150, 150, 150, 150, 150, 150, 150, 150, 150, 150, 150, 150, 150, 150, 150, 150, 150, 150, 150, 150, 150, 150, 150, 150, 150, 150, 150, 150, 150, 150, 150, 150, 150, 150, 150, 150, 150, 150, 150],data_signal_string:[-60, -61, -68, -68, -66, -65, -65, -65, -65, -65, -66, -66, -68, -68, -75, -75, -73, -73, -70, -70, -67, -65, -67, -64, -64, -68, -68, -67, -67, -64, -64, -61, -61, -61, -66, -66, -69, -69, -70, -70, -71, -64, -64, -65, -65, -63, -63, -63, -63, -64, -65, -65, -65, -63, -64, -64, -64],data_mcs_string:[86, 86, 86, 86, 57, 65, 65, 65, 65, 65, 57, 57, 57, 57, 28, 28, 43, 43, 43, 43, 57, 65, 57, 72, 72, 57, 57, 57, 57, 72, 72, 86, 86, 86, 86, 86, 86, 86, 43, 43, 43, 72, 72, 65, 65, 86, 86, 86, 86, 86, 86, 86, 86, 86, 86, 86, 86],data_ping_string:[97, 3, 99, 99, 4, 4, 108, 3, 3, 3, 51, 51, 51, 51, 51, 51, 51, 51, 51, 51, 0, 3, 108, 3, 3, 97, 97, 3, 3, 42, 42, 3, 3, 24, 2, 2, 45, 45, 34, 34, 64, 3, 3, 249, 3, 3, 3, 18, 18, 4, 38, 38, 7, 3, 90, 90, 90],data_interfering_string:[1, 1, 1, 1, 1, 1, 1, 1, 1, 1, 1, 1, 1, 1, 1, 1, 1, 1, 1, 1, 1, 1, 1, 1, 1, 1, 1, 1, 1, 1, 3, 3, 3, 3, 3, 3, 3, 1, 1, 1, 1, 1, 1, 1, 1, 1, 1, 1, 1, 1, 1, 1, 2, 2, 2, 2, 2],data_best_string:[0, 0, 0, 0, 0, 0, 0, 0, 0, 0, 0, 0, 0, 0, 0, 0, 0, 0, 0, 0, 0, 0, 0, 0, 0, 0, 0, 0, 0, 0, 0, 0, 0, 0, 0, 0, 0, 0, 0, 0, 0, 0, 0, 0, 0, 0, 0, 0, 0, 0, 0, 0, 0, 0, 0, 0, 0],data_freq_string:[5180, 5180, 5180, 5180, 5180, 5180, 5180, 5180, 5180, 5180, 5180, 5180, 5180, 5180, 5180, 5180, 5180, 5180, 5180, 5180, 5180, 5180, 5180, 5180, 5180, 5180, 5180, 5180, 5180, 5180, 5180, 5180, 5180, 5180, 5180, 5180, 5180, 5180, 5180, 5180, 5180, 5180, 5180, 5180, 5180, 5180, 5180, 5180, 5180, 5180, 5180, 5180, 5180, 5180, 5180, 5180, 5180],width:1313,height:985
